1 0 0
1 40 2
1 23 12
1 32 12
1 3 4
1 35 8
1 35 9
1 35 10
1 35 11
1 35 12
1 35 13
1 1 0
1 3 3
1 3 4
1 3 5 
1 3 6 
1 4 5
1 4 6
1 7 7
1 8 8
1 9 9
1 10 10
1 11 11
1 12 12
1 13 13
1 8 6
1 9 6
1 10 6
1 11 6
1 12 7
1 13 8
1 14 7
1 15 6
1 16 6
1 17 6
1 18 6
1 12 7
1 11 6
1 32 10
1 38 9
1 14 12
1 15 11
1 16 10 
1 17 9
1 18 8
1 19 7
1 30 30
1 30 29
1 30 28
1 30 27
1 30 26
1 29 31
1 28 31
1 27 31
1 26 31
1 30 31
1 30 32
1 30 33
1 30 34
1 30 35
1 30 36
1 85 12
1 85 13
1 85 14
1 85 15
1 85 16
1 85 17
1 74 5
1 75 5
1 76 5
1 77 5
1 78 5
1 79 5
1 81 5
1 82 5
1 83 5
1 84 5
1 85 5
1 80 5
1 80 6
1 80 7
1 80 8
1 80 9
1 80 10
1 80 11
1 80 12
1 80 13
1 80 14
1 80 15
1 70 30
1 70 31
1 70 32
1 70 33
1 70 34
1 70 35
1 70 36
1 70 37
1 70 38
1 70 39
1 71 39
1 72 39
1 73 39
1 74 39
1 75 39
1 69 39
1 68 39
1 67 39
1 66 39
1 65 39
2 0 1
2 3 2
2 8 10
2 5 5
2 5 6
2 5 7
2 5 8
2 32 2
2 18 19
2 15 13
2 15 14
2 14 14
2 13 14
2 13 16
2 13 15
2 90 39
2 90 38
2 90 37
2 90 36
2 90 35
2 90 34
2 90 20
2 90 21
2 90 22
2 90 23
2 90 24
2 90 25
2 66 10
2 67 11
2 68 12 
2 69 13
2 70 14
2 71 15
2 72 16
2 57 20
2 57 21
2 57 22
2 58 23
2 58 24
2 58 25
2 46 24
2 47 23
2 48 22
2 49 21
2 50 20
2 51 21
2 52 22
2 53 23
2 54 24
2 55 25 
2 56 26
2 57 27
2 56 28
2 55 29
2 54 30
2 53 31
2 52 32
2 51 33
2 50 34
2 49 33
2 48 32
2 47 31
2 46 30
