1 4 0
1 40 2
1 23 12
1 32 12
1 3 4
1 35 8
1 35 9
1 35 10
1 35 11
1 35 12
1 35 13
1 10 10
1 13 13
1 13 14
1 13 15 
1 13 16 
1 8 5
1 8 6
1 8 7
1 8 8
1 9 9
1 10 10
1 11 11
1 12 12
1 13 13
1 8 6
1 9 6
1 10 6
1 11 6
1 12 7
1 13 8
1 14 7
1 15 6
1 16 6
1 17 6
1 18 6
1 12 7
1 11 6
1 32 10
1 38 9
1 14 12
1 15 11
1 16 10 
1 17 9
1 18 8
1 19 7
1 30 30
1 30 29
1 30 28
1 30 27
1 30 26
1 29 31
1 28 31
1 27 31
1 26 31
1 30 31
1 30 32
1 30 33
1 30 34
1 30 35
1 30 36
1 85 12
1 85 13
1 85 14
1 85 15
1 85 16
1 85 17
1 74 5
1 75 5
1 76 5
1 77 5
1 78 5
1 79 5
1 81 5
1 82 5
1 83 5
1 84 5
1 85 5
1 80 5
1 80 6
1 80 7
1 80 8
1 80 9
1 80 10
1 80 11
1 80 12
1 80 13
1 80 14
1 80 15
1 70 30
1 70 31
1 70 32
1 70 33
1 70 34
1 70 35
1 70 36
1 70 37
1 70 38
1 70 39
1 71 39
1 72 39
1 73 39
1 74 39
1 75 39
1 69 39
1 68 39
1 67 39
1 66 39
1 65 39
2 10 3
2 3 2
2 8 10
2 5 5
2 5 6
2 5 7
2 5 8
2 32 2
2 18 19
2 15 13
2 15 14
2 14 14
2 13 14
2 13 16
2 13 15
2 90 39
2 90 38
2 90 37
2 90 36
2 90 35
2 90 34
2 90 20
2 90 21
2 90 22
2 90 23
2 90 24
2 90 25
2 66 10
2 67 11
2 68 12 
2 69 13
2 70 14
2 71 15
2 72 16
2 57 20
2 57 21
2 57 22
2 58 23
2 58 24
2 58 25
2 46 24
2 47 23
2 48 22
2 49 21
2 50 20
2 51 21
2 52 22
2 53 23
2 54 24
2 55 25 
2 56 26
2 57 27
2 56 28
2 55 29
2 54 30
2 53 31
2 52 32
2 51 33
2 50 34
2 49 33
2 48 32
2 47 31
2 46 30
2 0 0
2 0 1
2 0 2
2 0 3
2 0 4
2 0 5
2 0 6
2 0 7
2 0 8
2 1 0
2 1 1
2 1 2
2 1 3
2 1 4
2 1 5
2 1 6
2 1 7
2 1 8
2 2 0
2 2 1
2 2 2
2 2 3
2 2 4
2 2 5
2 2 6
2 2 7
2 2 8
2 3 0
2 3 1
2 3 2
2 3 3
2 3 4
2 3 5
2 3 6
2 3 7
2 3 8
2 4 0
2 4 1
2 4 2
2 4 3
2 4 4
2 4 5
2 4 6
2 4 7
2 4 8
2 5 0
2 5 1
2 5 2
2 5 3
2 5 4
2 5 5
2 5 6
2 5 7
2 5 8
2 6 0
2 6 1
2 6 2
2 6 3
2 6 4
2 6 5
2 6 6
2 6 7
2 6 8
2 7 0
2 7 1
2 7 2
2 7 3
2 7 4
2 7 5
2 7 6
2 7 7
2 7 8
2 8 0
2 8 1
2 8 2
2 8 3
2 8 4
2 8 5
2 8 6
2 8 7
2 8 8
2 9 0
2 9 1
2 9 2
2 9 3
2 9 4
2 9 5
2 9 6
2 9 7
2 9 8
2 10 0
2 10 1
2 10 2
2 10 3
2 10 4
2 10 5
2 10 6
2 10 7
2 10 8
2 11 0
2 11 1
2 11 2
2 11 3
2 11 4
2 11 5
2 11 6
2 11 7
2 11 8
2 12 0
2 12 1
2 12 2
2 12 3
2 12 4
2 12 5
2 12 6
2 12 7
2 12 8
2 13 0
2 13 1
2 13 2
2 13 3
2 13 4
2 13 5
2 13 6
2 13 7
2 13 8
2 14 0
2 14 1
2 14 2
2 14 3
2 14 4
2 14 5
2 14 6
2 14 7
2 14 8
2 15 0
2 15 1
2 15 2
2 15 3
2 15 4
2 15 5
2 15 6
2 15 7
2 15 8
2 16 0
2 16 1
2 16 2
2 16 3
2 16 4
2 16 5
2 16 6
2 16 7
2 16 8
2 17 0
2 17 1
2 17 2
2 17 3
2 17 4
2 17 5
2 17 6
2 17 7
2 17 8
2 18 0
2 18 1
2 18 2
2 18 3
2 18 4
2 18 5
2 18 6
2 18 7
2 18 8
2 19 0
2 19 1
2 19 2
2 19 3
2 19 4
2 19 5
2 19 6
2 19 7
2 19 8
2 20 0
2 20 1
2 20 2
2 20 3
2 20 4
2 20 5
2 20 6
2 20 7
2 20 8
2 21 0
2 21 1
2 21 2
2 21 3
2 21 4
2 21 5
2 21 6
2 21 7
2 21 8
2 22 0
2 22 1
2 22 2
2 22 3
2 22 4
2 22 5
2 22 6
2 22 7
2 22 8
2 23 0
2 23 1
2 23 2
2 23 3
2 23 4
2 23 5
2 23 6
2 23 7
2 23 8
2 24 0
2 24 1
2 24 2
2 24 3
2 24 4
2 24 5
2 24 6
2 24 7
2 24 8
2 25 0
2 25 1
2 25 2
2 25 3
2 25 4
2 25 5
2 25 6
2 25 7
2 25 8
2 26 0
2 26 1
2 26 2
2 26 3
2 26 4
2 26 5
2 26 6
2 26 7
2 26 8
2 27 0
2 27 1
2 27 2
2 27 3
2 27 4
2 27 5
2 27 6
2 27 7
2 27 8
2 28 0
2 28 1
2 28 2
2 28 3
2 28 4
2 28 5
2 28 6
2 28 7
2 28 8
2 29 0
2 29 1
2 29 2
2 29 3
2 29 4
2 29 5
2 29 6
2 29 7
2 29 8
2 30 0
2 30 1
2 30 2
2 30 3
2 30 4
2 30 5
2 30 6
2 30 7
2 30 8
2 31 0
2 31 1
2 31 2
2 31 3
2 31 4
2 31 5
2 31 6
2 31 7
2 31 8
2 32 0
2 32 1
2 32 2
2 32 3
2 32 4
2 32 5
2 32 6
2 32 7
2 32 8
2 33 0
2 33 1
2 33 2
2 33 3
2 33 4
2 33 5
2 33 6
2 33 7
2 33 8
2 34 0
2 34 1
2 34 2
2 34 3
2 34 4
2 34 5
2 34 6
2 34 7
2 34 8
2 35 0
2 35 1
2 35 2
2 35 3
2 35 4
2 35 5
2 35 6
2 35 7
2 35 8
2 36 0
2 36 1
2 36 2
2 36 3
2 36 4
2 36 5
2 36 6
2 36 7
2 36 8
2 37 0
2 37 1
2 37 2
2 37 3
2 37 4
2 37 5
2 37 6
2 37 7
2 37 8
2 38 0
2 38 1
2 38 2
2 38 3
2 38 4
2 38 5
2 38 6
2 38 7
2 38 8
2 39 0
2 39 1
2 39 2
2 39 3
2 39 4
2 39 5
2 39 6
2 39 7
2 39 8
2 40 0
2 40 1
2 40 2
2 40 3
2 40 4
2 40 5
2 40 6
2 40 7
2 40 8
2 41 0
2 41 1
2 41 2
2 41 3
2 41 4
2 41 5
2 41 6
2 41 7
2 41 8
2 42 0
2 42 1
2 42 2
2 42 3
2 42 4
2 42 5
2 42 6
2 42 7
2 42 8
2 43 0
2 43 1
2 43 2
2 43 3
2 43 4
2 43 5
2 43 6
2 43 7
2 43 8
2 44 0
2 44 1
2 44 2
2 44 3
2 44 4
2 44 5
2 44 6
2 44 7
2 44 8
2 45 0
2 45 1
2 45 2
2 45 3
2 45 4
2 45 5
2 45 6
2 45 7
2 45 8
2 46 0
2 46 1
2 46 2
2 46 3
2 46 4
2 46 5
2 46 6
2 46 7
2 46 8
2 47 0
2 47 1
2 47 2
2 47 3
2 47 4
2 47 5
2 47 6
2 47 7
2 47 8
2 48 0
2 48 1
2 48 2
2 48 3
2 48 4
2 48 5
2 48 6
2 48 7
2 48 8
2 49 0
2 49 1
2 49 2
2 49 3
2 49 4
2 49 5
2 49 6
2 49 7
2 49 8
2 50 0
2 50 1
2 50 2
2 50 3
2 50 4
2 50 5
2 50 6
2 50 7
2 50 8
2 51 0
2 51 1
2 51 2
2 51 3
2 51 4
2 51 5
2 51 6
2 51 7
2 51 8
2 52 0
2 52 1
2 52 2
2 52 3
2 52 4
2 52 5
2 52 6
2 52 7
2 52 8
2 53 0
2 53 1
2 53 2
2 53 3
2 53 4
2 53 5
2 53 6
2 53 7
2 53 8
2 54 0
2 54 1
2 54 2
2 54 3
2 54 4
2 54 5
2 54 6
2 54 7
2 54 8
2 55 0
2 55 1
2 55 2
2 55 3
2 55 4
2 55 5
2 55 6
2 55 7
2 55 8
2 56 0
2 56 1
2 56 2
2 56 3
2 56 4
2 56 5
2 56 6
2 56 7
2 56 8
2 57 0
2 57 1
2 57 2
2 57 3
2 57 4
2 57 5
2 57 6
2 57 7
2 57 8
2 58 0
2 58 1
2 58 2
2 58 3
2 58 4
2 58 5
2 58 6
2 58 7
2 58 8
2 59 0
2 59 1
2 59 2
2 59 3
2 59 4
2 59 5
2 59 6
2 59 7
2 59 8
2 60 0
2 60 1
2 60 2
2 60 3
2 60 4
2 60 5
2 60 6
2 60 7
2 60 8
2 61 0
2 61 1
2 61 2
2 61 3
2 61 4
2 61 5
2 61 6
2 61 7
2 61 8
2 62 0
2 62 1
2 62 2
2 62 3
2 62 4
2 62 5
2 62 6
2 62 7
2 62 8
2 63 0
2 63 1
2 63 2
2 63 3
2 63 4
2 63 5
2 63 6
2 63 7
2 63 8
2 64 0
2 64 1
2 64 2
2 64 3
2 64 4
2 64 5
2 64 6
2 64 7
2 64 8
2 65 0
2 65 1
2 65 2
2 65 3
2 65 4
2 65 5
2 65 6
2 65 7
2 65 8
2 66 0
2 66 1
2 66 2
2 66 3
2 66 4
2 66 5
2 66 6
2 66 7
2 66 8
2 67 0
2 67 1
2 67 2
2 67 3
2 67 4
2 67 5
2 67 6
2 67 7
2 67 8
2 68 0
2 68 1
2 68 2
2 68 3
2 68 4
2 68 5
2 68 6
2 68 7
2 68 8
2 69 0
2 69 1
2 69 2
2 69 3
2 69 4
2 69 5
2 69 6
2 69 7
2 69 8
2 70 0
2 70 1
2 70 2
2 70 3
2 70 4
2 70 5
2 70 6
2 70 7
2 70 8
2 71 0
2 71 1
2 71 2
2 71 3
2 71 4
2 71 5
2 71 6
2 71 7
2 71 8
2 72 0
2 72 1
2 72 2
2 72 3
2 72 4
2 72 5
2 72 6
2 72 7
2 72 8
2 73 0
2 73 1
2 73 2
2 73 3
2 73 4
2 73 5
2 73 6
2 73 7
2 73 8
2 74 0
2 74 1
2 74 2
2 74 3
2 74 4
2 74 5
2 74 6
2 74 7
2 74 8
2 75 0
2 75 1
2 75 2
2 75 3
2 75 4
2 75 5
2 75 6
2 75 7
2 75 8
2 76 0
2 76 1
2 76 2
2 76 3
2 76 4
2 76 5
2 76 6
2 76 7
2 76 8
2 77 0
2 77 1
2 77 2
2 77 3
2 77 4
2 77 5
2 77 6
2 77 7
2 77 8
2 78 0
2 78 1
2 78 2
2 78 3
2 78 4
2 78 5
2 78 6
2 78 7
2 78 8
2 79 0
2 79 1
2 79 2
2 79 3
2 79 4
2 79 5
2 79 6
2 79 7
2 79 8
2 80 0
2 80 1
2 80 2
2 80 3
2 80 4
2 80 5
2 80 6
2 80 7
2 80 8
2 81 0
2 81 1
2 81 2
2 81 3
2 81 4
2 81 5
2 81 6
2 81 7
2 81 8
2 82 0
2 82 1
2 82 2
2 82 3
2 82 4
2 82 5
2 82 6
2 82 7
2 82 8
2 83 0
2 83 1
2 83 2
2 83 3
2 83 4
2 83 5
2 83 6
2 83 7
2 83 8
2 84 0
2 84 1
2 84 2
2 84 3
2 84 4
2 84 5
2 84 6
2 84 7
2 84 8
2 85 0
2 85 1
2 85 2
2 85 3
2 85 4
2 85 5
2 85 6
2 85 7
2 85 8
2 86 0
2 86 1
2 86 2
2 86 3
2 86 4
2 86 5
2 86 6
2 86 7
2 86 8
2 87 0
2 87 1
2 87 2
2 87 3
2 87 4
2 87 5
2 87 6
2 87 7
2 87 8
2 88 0
2 88 1
2 88 2
2 88 3
2 88 4
2 88 5
2 88 6
2 88 7
2 88 8
2 89 0
2 89 1
2 89 2
2 89 3
2 89 4
2 89 5
2 89 6
2 89 7
2 89 8
2 90 0
2 90 1
2 90 2
2 90 3
2 90 4
2 90 5
2 90 6
2 90 7
2 90 8
2 91 0
2 91 1
2 91 2
2 91 3
2 91 4
2 91 5
2 91 6
2 91 7
2 91 8
2 92 0
2 92 1
2 92 2
2 92 3
2 92 4
2 92 5
2 92 6
2 92 7
2 92 8
2 93 0
2 93 1
2 93 2
2 93 3
2 93 4
2 93 5
2 93 6
2 93 7
2 93 8
2 94 0
2 94 1
2 94 2
2 94 3
2 94 4
2 94 5
2 94 6
2 94 7
2 94 8
2 95 0
2 95 1
2 95 2
2 95 3
2 95 4
2 95 5
2 95 6
2 95 7
2 95 8
2 96 0
2 96 1
2 96 2
2 96 3
2 96 4
2 96 5
2 96 6
2 96 7
2 96 8
2 97 0
2 97 1
2 97 2
2 97 3
2 97 4
2 97 5
2 97 6
2 97 7
2 97 8
2 98 0
2 98 1
2 98 2
2 98 3
2 98 4
2 98 5
2 98 6
2 98 7
2 98 8
2 99 0
2 99 1
2 99 2
2 99 3
2 99 4
2 99 5
2 99 6
2 99 7
2 99 8
2 0 30
2 0 31
2 0 32
2 0 33
2 0 34
2 0 35
2 0 36
2 0 37
2 0 38
2 0 39
2 1 30
2 1 31
2 1 32
2 1 33
2 1 34
2 1 35
2 1 36
2 1 37
2 1 38
2 1 39
2 2 30
2 2 31
2 2 32
2 2 33
2 2 34
2 2 35
2 2 36
2 2 37
2 2 38
2 2 39
2 3 30
2 3 31
2 3 32
2 3 33
2 3 34
2 3 35
2 3 36
2 3 37
2 3 38
2 3 39
2 4 30
2 4 31
2 4 32
2 4 33
2 4 34
2 4 35
2 4 36
2 4 37
2 4 38
2 4 39
2 5 30
2 5 31
2 5 32
2 5 33
2 5 34
2 5 35
2 5 36
2 5 37
2 5 38
2 5 39
2 6 30
2 6 31
2 6 32
2 6 33
2 6 34
2 6 35
2 6 36
2 6 37
2 6 38
2 6 39
2 7 30
2 7 31
2 7 32
2 7 33
2 7 34
2 7 35
2 7 36
2 7 37
2 7 38
2 7 39
2 8 30
2 8 31
2 8 32
2 8 33
2 8 34
2 8 35
2 8 36
2 8 37
2 8 38
2 8 39
2 9 30
2 9 31
2 9 32
2 9 33
2 9 34
2 9 35
2 9 36
2 9 37
2 9 38
2 9 39
2 10 30
2 10 31
2 10 32
2 10 33
2 10 34
2 10 35
2 10 36
2 10 37
2 10 38
2 10 39
2 11 30
2 11 31
2 11 32
2 11 33
2 11 34
2 11 35
2 11 36
2 11 37
2 11 38
2 11 39
2 12 30
2 12 31
2 12 32
2 12 33
2 12 34
2 12 35
2 12 36
2 12 37
2 12 38
2 12 39
2 13 30
2 13 31
2 13 32
2 13 33
2 13 34
2 13 35
2 13 36
2 13 37
2 13 38
2 13 39
2 14 30
2 14 31
2 14 32
2 14 33
2 14 34
2 14 35
2 14 36
2 14 37
2 14 38
2 14 39
2 15 30
2 15 31
2 15 32
2 15 33
2 15 34
2 15 35
2 15 36
2 15 37
2 15 38
2 15 39
2 16 30
2 16 31
2 16 32
2 16 33
2 16 34
2 16 35
2 16 36
2 16 37
2 16 38
2 16 39
2 17 30
2 17 31
2 17 32
2 17 33
2 17 34
2 17 35
2 17 36
2 17 37
2 17 38
2 17 39
2 18 30
2 18 31
2 18 32
2 18 33
2 18 34
2 18 35
2 18 36
2 18 37
2 18 38
2 18 39
2 19 30
2 19 31
2 19 32
2 19 33
2 19 34
2 19 35
2 19 36
2 19 37
2 19 38
2 19 39
2 20 30
2 20 31
2 20 32
2 20 33
2 20 34
2 20 35
2 20 36
2 20 37
2 20 38
2 20 39
2 21 30
2 21 31
2 21 32
2 21 33
2 21 34
2 21 35
2 21 36
2 21 37
2 21 38
2 21 39
2 22 30
2 22 31
2 22 32
2 22 33
2 22 34
2 22 35
2 22 36
2 22 37
2 22 38
2 22 39
2 23 30
2 23 31
2 23 32
2 23 33
2 23 34
2 23 35
2 23 36
2 23 37
2 23 38
2 23 39
2 24 30
2 24 31
2 24 32
2 24 33
2 24 34
2 24 35
2 24 36
2 24 37
2 24 38
2 24 39
2 25 30
2 25 31
2 25 32
2 25 33
2 25 34
2 25 35
2 25 36
2 25 37
2 25 38
2 25 39
2 26 30
2 26 31
2 26 32
2 26 33
2 26 34
2 26 35
2 26 36
2 26 37
2 26 38
2 26 39
2 27 30
2 27 31
2 27 32
2 27 33
2 27 34
2 27 35
2 27 36
2 27 37
2 27 38
2 27 39
2 28 30
2 28 31
2 28 32
2 28 33
2 28 34
2 28 35
2 28 36
2 28 37
2 28 38
2 28 39
2 29 30
2 29 31
2 29 32
2 29 33
2 29 34
2 29 35
2 29 36
2 29 37
2 29 38
2 29 39
2 30 30
2 30 31
2 30 32
2 30 33
2 30 34
2 30 35
2 30 36
2 30 37
2 30 38
2 30 39
2 31 30
2 31 31
2 31 32
2 31 33
2 31 34
2 31 35
2 31 36
2 31 37
2 31 38
2 31 39
2 32 30
2 32 31
2 32 32
2 32 33
2 32 34
2 32 35
2 32 36
2 32 37
2 32 38
2 32 39
2 33 30
2 33 31
2 33 32
2 33 33
2 33 34
2 33 35
2 33 36
2 33 37
2 33 38
2 33 39
2 34 30
2 34 31
2 34 32
2 34 33
2 34 34
2 34 35
2 34 36
2 34 37
2 34 38
2 34 39
2 35 30
2 35 31
2 35 32
2 35 33
2 35 34
2 35 35
2 35 36
2 35 37
2 35 38
2 35 39
2 36 30
2 36 31
2 36 32
2 36 33
2 36 34
2 36 35
2 36 36
2 36 37
2 36 38
2 36 39
2 37 30
2 37 31
2 37 32
2 37 33
2 37 34
2 37 35
2 37 36
2 37 37
2 37 38
2 37 39
2 38 30
2 38 31
2 38 32
2 38 33
2 38 34
2 38 35
2 38 36
2 38 37
2 38 38
2 38 39
2 39 30
2 39 31
2 39 32
2 39 33
2 39 34
2 39 35
2 39 36
2 39 37
2 39 38
2 39 39
2 40 30
2 40 31
2 40 32
2 40 33
2 40 34
2 40 35
2 40 36
2 40 37
2 40 38
2 40 39
2 41 30
2 41 31
2 41 32
2 41 33
2 41 34
2 41 35
2 41 36
2 41 37
2 41 38
2 41 39
2 42 30
2 42 31
2 42 32
2 42 33
2 42 34
2 42 35
2 42 36
2 42 37
2 42 38
2 42 39
2 43 30
2 43 31
2 43 32
2 43 33
2 43 34
2 43 35
2 43 36
2 43 37
2 43 38
2 43 39
2 44 30
2 44 31
2 44 32
2 44 33
2 44 34
2 44 35
2 44 36
2 44 37
2 44 38
2 44 39
2 45 30
2 45 31
2 45 32
2 45 33
2 45 34
2 45 35
2 45 36
2 45 37
2 45 38
2 45 39
2 46 30
2 46 31
2 46 32
2 46 33
2 46 34
2 46 35
2 46 36
2 46 37
2 46 38
2 46 39
2 47 30
2 47 31
2 47 32
2 47 33
2 47 34
2 47 35
2 47 36
2 47 37
2 47 38
2 47 39
2 48 30
2 48 31
2 48 32
2 48 33
2 48 34
2 48 35
2 48 36
2 48 37
2 48 38
2 48 39
2 49 30
2 49 31
2 49 32
2 49 33
2 49 34
2 49 35
2 49 36
2 49 37
2 49 38
2 49 39
2 50 30
2 50 31
2 50 32
2 50 33
2 50 34
2 50 35
2 50 36
2 50 37
2 50 38
2 50 39
2 51 30
2 51 31
2 51 32
2 51 33
2 51 34
2 51 35
2 51 36
2 51 37
2 51 38
2 51 39
2 52 30
2 52 31
2 52 32
2 52 33
2 52 34
2 52 35
2 52 36
2 52 37
2 52 38
2 52 39
2 53 30
2 53 31
2 53 32
2 53 33
2 53 34
2 53 35
2 53 36
2 53 37
2 53 38
2 53 39
2 54 30
2 54 31
2 54 32
2 54 33
2 54 34
2 54 35
2 54 36
2 54 37
2 54 38
2 54 39
2 55 30
2 55 31
2 55 32
2 55 33
2 55 34
2 55 35
2 55 36
2 55 37
2 55 38
2 55 39
2 56 30
2 56 31
2 56 32
2 56 33
2 56 34
2 56 35
2 56 36
2 56 37
2 56 38
2 56 39
2 57 30
2 57 31
2 57 32
2 57 33
2 57 34
2 57 35
2 57 36
2 57 37
2 57 38
2 57 39
2 58 30
2 58 31
2 58 32
2 58 33
2 58 34
2 58 35
2 58 36
2 58 37
2 58 38
2 58 39
2 59 30
2 59 31
2 59 32
2 59 33
2 59 34
2 59 35
2 59 36
2 59 37
2 59 38
2 59 39
2 60 30
2 60 31
2 60 32
2 60 33
2 60 34
2 60 35
2 60 36
2 60 37
2 60 38
2 60 39
2 61 30
2 61 31
2 61 32
2 61 33
2 61 34
2 61 35
2 61 36
2 61 37
2 61 38
2 61 39
2 62 30
2 62 31
2 62 32
2 62 33
2 62 34
2 62 35
2 62 36
2 62 37
2 62 38
2 62 39
2 63 30
2 63 31
2 63 32
2 63 33
2 63 34
2 63 35
2 63 36
2 63 37
2 63 38
2 63 39
2 64 30
2 64 31
2 64 32
2 64 33
2 64 34
2 64 35
2 64 36
2 64 37
2 64 38
2 64 39
2 65 30
2 65 31
2 65 32
2 65 33
2 65 34
2 65 35
2 65 36
2 65 37
2 65 38
2 65 39
2 66 30
2 66 31
2 66 32
2 66 33
2 66 34
2 66 35
2 66 36
2 66 37
2 66 38
2 66 39
2 67 30
2 67 31
2 67 32
2 67 33
2 67 34
2 67 35
2 67 36
2 67 37
2 67 38
2 67 39
2 68 30
2 68 31
2 68 32
2 68 33
2 68 34
2 68 35
2 68 36
2 68 37
2 68 38
2 68 39
2 69 30
2 69 31
2 69 32
2 69 33
2 69 34
2 69 35
2 69 36
2 69 37
2 69 38
2 69 39
2 70 30
2 70 31
2 70 32
2 70 33
2 70 34
2 70 35
2 70 36
2 70 37
2 70 38
2 70 39
2 71 30
2 71 31
2 71 32
2 71 33
2 71 34
2 71 35
2 71 36
2 71 37
2 71 38
2 71 39
2 72 30
2 72 31
2 72 32
2 72 33
2 72 34
2 72 35
2 72 36
2 72 37
2 72 38
2 72 39
2 73 30
2 73 31
2 73 32
2 73 33
2 73 34
2 73 35
2 73 36
2 73 37
2 73 38
2 73 39
2 74 30
2 74 31
2 74 32
2 74 33
2 74 34
2 74 35
2 74 36
2 74 37
2 74 38
2 74 39
2 75 30
2 75 31
2 75 32
2 75 33
2 75 34
2 75 35
2 75 36
2 75 37
2 75 38
2 75 39
2 76 30
2 76 31
2 76 32
2 76 33
2 76 34
2 76 35
2 76 36
2 76 37
2 76 38
2 76 39
2 77 30
2 77 31
2 77 32
2 77 33
2 77 34
2 77 35
2 77 36
2 77 37
2 77 38
2 77 39
2 78 30
2 78 31
2 78 32
2 78 33
2 78 34
2 78 35
2 78 36
2 78 37
2 78 38
2 78 39
2 79 30
2 79 31
2 79 32
2 79 33
2 79 34
2 79 35
2 79 36
2 79 37
2 79 38
2 79 39
2 80 30
2 80 31
2 80 32
2 80 33
2 80 34
2 80 35
2 80 36
2 80 37
2 80 38
2 80 39
2 81 30
2 81 31
2 81 32
2 81 33
2 81 34
2 81 35
2 81 36
2 81 37
2 81 38
2 81 39
2 82 30
2 82 31
2 82 32
2 82 33
2 82 34
2 82 35
2 82 36
2 82 37
2 82 38
2 82 39
2 83 30
2 83 31
2 83 32
2 83 33
2 83 34
2 83 35
2 83 36
2 83 37
2 83 38
2 83 39
2 84 30
2 84 31
2 84 32
2 84 33
2 84 34
2 84 35
2 84 36
2 84 37
2 84 38
2 84 39
2 85 30
2 85 31
2 85 32
2 85 33
2 85 34
2 85 35
2 85 36
2 85 37
2 85 38
2 85 39
2 86 30
2 86 31
2 86 32
2 86 33
2 86 34
2 86 35
2 86 36
2 86 37
2 86 38
2 86 39
2 87 30
2 87 31
2 87 32
2 87 33
2 87 34
2 87 35
2 87 36
2 87 37
2 87 38
2 87 39
2 88 30
2 88 31
2 88 32
2 88 33
2 88 34
2 88 35
2 88 36
2 88 37
2 88 38
2 88 39
2 89 30
2 89 31
2 89 32
2 89 33
2 89 34
2 89 35
2 89 36
2 89 37
2 89 38
2 89 39
2 90 30
2 90 31
2 90 32
2 90 33
2 90 34
2 90 35
2 90 36
2 90 37
2 90 38
2 90 39
2 91 30
2 91 31
2 91 32
2 91 33
2 91 34
2 91 35
2 91 36
2 91 37
2 91 38
2 91 39
2 92 30
2 92 31
2 92 32
2 92 33
2 92 34
2 92 35
2 92 36
2 92 37
2 92 38
2 92 39
2 93 30
2 93 31
2 93 32
2 93 33
2 93 34
2 93 35
2 93 36
2 93 37
2 93 38
2 93 39
2 94 30
2 94 31
2 94 32
2 94 33
2 94 34
2 94 35
2 94 36
2 94 37
2 94 38
2 94 39
2 95 30
2 95 31
2 95 32
2 95 33
2 95 34
2 95 35
2 95 36
2 95 37
2 95 38
2 95 39
2 96 30
2 96 31
2 96 32
2 96 33
2 96 34
2 96 35
2 96 36
2 96 37
2 96 38
2 96 39
2 97 30
2 97 31
2 97 32
2 97 33
2 97 34
2 97 35
2 97 36
2 97 37
2 97 38
2 97 39
2 98 30
2 98 31
2 98 32
2 98 33
2 98 34
2 98 35
2 98 36
2 98 37
2 98 38
2 98 39
2 99 30
2 99 31
2 99 32
2 99 33
2 99 34
2 99 35
2 99 36
2 99 37
2 99 38
2 99 39
2 0 8
2 1 8
2 2 8
2 3 8
2 4 8
2 5 8
2 6 8
2 7 8
2 8 8
2 9 8
2 10 8
2 0 9
2 1 9
2 2 9
2 3 9
2 4 9
2 5 9
2 6 9
2 7 9
2 8 9
2 9 9
2 10 9
2 0 10
2 1 10
2 2 10
2 3 10
2 4 10
2 5 10
2 6 10
2 7 10
2 8 10
2 9 10
2 10 10
2 0 11
2 1 11
2 2 11
2 3 11
2 4 11
2 5 11
2 6 11
2 7 11
2 8 11
2 9 11
2 10 11
2 0 12
2 1 12
2 2 12
2 3 12
2 4 12
2 5 12
2 6 12
2 7 12
2 8 12
2 9 12
2 10 12
2 0 13
2 1 13
2 2 13
2 3 13
2 4 13
2 5 13
2 6 13
2 7 13
2 8 13
2 9 13
2 10 13
2 0 14
2 1 14
2 2 14
2 3 14
2 4 14
2 5 14
2 6 14
2 7 14
2 8 14
2 9 14
2 10 14
2 0 15
2 1 15
2 2 15
2 3 15
2 4 15
2 5 15
2 6 15
2 7 15
2 8 15
2 9 15
2 10 15
2 0 16
2 1 16
2 2 16
2 3 16
2 4 16
2 5 16
2 6 16
2 7 16
2 8 16
2 9 16
2 10 16
2 0 17
2 1 17
2 2 17
2 3 17
2 4 17
2 5 17
2 6 17
2 7 17
2 8 17
2 9 17
2 10 17
2 0 18
2 1 18
2 2 18
2 3 18
2 4 18
2 5 18
2 6 18
2 7 18
2 8 18
2 9 18
2 10 18
2 0 19
2 1 19
2 2 19
2 3 19
2 4 19
2 5 19
2 6 19
2 7 19
2 8 19
2 9 19
2 10 19
2 0 20
2 1 20
2 2 20
2 3 20
2 4 20
2 5 20
2 6 20
2 7 20
2 8 20
2 9 20
2 10 20
2 0 21
2 1 21
2 2 21
2 3 21
2 4 21
2 5 21
2 6 21
2 7 21
2 8 21
2 9 21
2 10 21
2 0 22
2 1 22
2 2 22
2 3 22
2 4 22
2 5 22
2 6 22
2 7 22
2 8 22
2 9 22
2 10 22
2 0 23
2 1 23
2 2 23
2 3 23
2 4 23
2 5 23
2 6 23
2 7 23
2 8 23
2 9 23
2 10 23
2 0 24
2 1 24
2 2 24
2 3 24
2 4 24
2 5 24
2 6 24
2 7 24
2 8 24
2 9 24
2 10 24
2 0 25
2 1 25
2 2 25
2 3 25
2 4 25
2 5 25
2 6 25
2 7 25
2 8 25
2 9 25
2 10 25
2 0 26
2 1 26
2 2 26
2 3 26
2 4 26
2 5 26
2 6 26
2 7 26
2 8 26
2 9 26
2 10 26
2 0 27
2 1 27
2 2 27
2 3 27
2 4 27
2 5 27
2 6 27
2 7 27
2 8 27
2 9 27
2 10 27
2 0 28
2 1 28
2 2 28
2 3 28
2 4 28
2 5 28
2 6 28
2 7 28
2 8 28
2 9 28
2 10 28
2 0 29
2 1 29
2 2 29
2 3 29
2 4 29
2 5 29
2 6 29
2 7 29
2 8 29
2 9 29
2 10 29
2 0 30
2 1 30
2 2 30
2 3 30
2 4 30
2 5 30
2 6 30
2 7 30
2 8 30
2 9 30
2 10 30
2 0 31
2 1 31
2 2 31
2 3 31
2 4 31
2 5 31
2 6 31
2 7 31
2 8 31
2 9 31
2 10 31
2 0 32
2 1 32
2 2 32
2 3 32
2 4 32
2 5 32
2 6 32
2 7 32
2 8 32
2 9 32
2 10 32
2 90 8
2 91 8
2 92 8
2 93 8
2 94 8
2 95 8
2 96 8
2 97 8
2 98 8
2 99 8
2 90 9
2 91 9
2 92 9
2 93 9
2 94 9
2 95 9
2 96 9
2 97 9
2 98 9
2 99 9
2 90 10
2 91 10
2 92 10
2 93 10
2 94 10
2 95 10
2 96 10
2 97 10
2 98 10
2 99 10
2 90 11
2 91 11
2 92 11
2 93 11
2 94 11
2 95 11
2 96 11
2 97 11
2 98 11
2 99 11
2 90 12
2 91 12
2 92 12
2 93 12
2 94 12
2 95 12
2 96 12
2 97 12
2 98 12
2 99 12
2 90 13
2 91 13
2 92 13
2 93 13
2 94 13
2 95 13
2 96 13
2 97 13
2 98 13
2 99 13
2 90 14
2 91 14
2 92 14
2 93 14
2 94 14
2 95 14
2 96 14
2 97 14
2 98 14
2 99 14
2 90 15
2 91 15
2 92 15
2 93 15
2 94 15
2 95 15
2 96 15
2 97 15
2 98 15
2 99 15
2 90 16
2 91 16
2 92 16
2 93 16
2 94 16
2 95 16
2 96 16
2 97 16
2 98 16
2 99 16
2 90 17
2 91 17
2 92 17
2 93 17
2 94 17
2 95 17
2 96 17
2 97 17
2 98 17
2 99 17
2 90 18
2 91 18
2 92 18
2 93 18
2 94 18
2 95 18
2 96 18
2 97 18
2 98 18
2 99 18
2 90 19
2 91 19
2 92 19
2 93 19
2 94 19
2 95 19
2 96 19
2 97 19
2 98 19
2 99 19
2 90 20
2 91 20
2 92 20
2 93 20
2 94 20
2 95 20
2 96 20
2 97 20
2 98 20
2 99 20
2 90 21
2 91 21
2 92 21
2 93 21
2 94 21
2 95 21
2 96 21
2 97 21
2 98 21
2 99 21
2 90 22
2 91 22
2 92 22
2 93 22
2 94 22
2 95 22
2 96 22
2 97 22
2 98 22
2 99 22
2 90 23
2 91 23
2 92 23
2 93 23
2 94 23
2 95 23
2 96 23
2 97 23
2 98 23
2 99 23
2 90 24
2 91 24
2 92 24
2 93 24
2 94 24
2 95 24
2 96 24
2 97 24
2 98 24
2 99 24
2 90 25
2 91 25
2 92 25
2 93 25
2 94 25
2 95 25
2 96 25
2 97 25
2 98 25
2 99 25
2 90 26
2 91 26
2 92 26
2 93 26
2 94 26
2 95 26
2 96 26
2 97 26
2 98 26
2 99 26
2 90 27
2 91 27
2 92 27
2 93 27
2 94 27
2 95 27
2 96 27
2 97 27
2 98 27
2 99 27
2 90 28
2 91 28
2 92 28
2 93 28
2 94 28
2 95 28
2 96 28
2 97 28
2 98 28
2 99 28
2 90 29
2 91 29
2 92 29
2 93 29
2 94 29
2 95 29
2 96 29
2 97 29
2 98 29
2 99 29
2 90 30
2 91 30
2 92 30
2 93 30
2 94 30
2 95 30
2 96 30
2 97 30
2 98 30
2 99 30
2 90 31
2 91 31
2 92 31
2 93 31
2 94 31
2 95 31
2 96 31
2 97 31
2 98 31
2 99 31
2 90 32
2 91 32
2 92 32
2 93 32
2 94 32
2 95 32
2 96 32
2 97 32
2 98 32
2 99 32